46046047047046010001000
1001
1001
1002
300
500
/00
700
13
345
13
1024
1024
198
105
4
274
4
4
4
4
752
385
4
4
4
4
1024
1024
924
848
4
4
189
4
1024
4
1024
356
3
4
4
4
4
4
4
4
4
4
3
4
4
1024
1024
1024
1024
4
4
4
128
22
4
202
3
76
4
4
31
4
4
486
4
183
4
519
4
4
4
4
4
15
4
4
766
4
4
716
4
4
4
801
373
4
189
4
4
617
4
412
6
5
5
5
5
5
4
4
4
4
4
501
4
4
4
261
355
4
342
96
254
4
4
9
577
4
4
336
4
1024
1024
106
139
1024
4
1024
686
823
36
1024
774
337
340
3
549
130
1024
3
440
1024
850
3
4
5
4
5
5
4
5
4
4
4
4
4
4
4
4
4
4
4
4
4
4
4
1024
1024
1024
704
489
521
543
1024
578
1024
4
1024
1024
1024
1024
241
4
4
160
4
1008
488
1024
1024
4
4
1024
4
1024
922
4
1024
141
1024
4
1024
1024
555
1024
729
78
914
1024
1024
1024
1024
4
1024
1024
1024
4
1024
4
4
4
528
427
588
497
753
596
1008
652
162
1024
1024
1024
1024
4
766
4
1024
1024
1024
772
1024
4
4
4
4
4
4
4
3
4
4
4
4
4
4
3
4
3
4
4
4
4
4
4
4
1024
1024
1024
1024
1024
1024
1024
898
4
4
4
4
4
4
4
4
4
4
3
4
4
1024
4
4
4
4
1024
1024
1024
1024
1024
1024
4
1024
1024
4
4
3
4
4
4
4
4
4
4
4
4
4
4
4
4
4
4
4
4
4
4
4
4
4
4
4
4
4
4
4
4
4
4
4
4
4
4
4
4
4
4
4
4
4
4
4
3
4
4
3
3
3
3
3
4
4
4
4
4
4
4
4
4
4
4
4
4
4
1024
4
4
4
4
4
1024
1024
1024
1024
1024
4
4
4
4
4
4
4
4
4
4
522
504
541
513
469
469
549
558
483
499
557
480
486
495
478
522
493
532
496
481
517
494
487
562
501
532
542
494
487
554
573
581
526
489
504
525
496
514
529
518
516
560
495
498
525
533
509
498
488
559
580
478
504
506
521
554
534
580
573
588
485
521
586
572
549
487
572
517
505
516
590
500
568
495
489
490
588
525
501
477
504
533
511
537
532
545
586
471
471
483
532
567
497
589
468
488
538
522
502
577
571
498
520
570
512
576
569
570
514
508
579
566
489
560
546
509
538
556
570
493
1024
972
210
582
198
1024
1024
4
3
4
1024
4
1024
1024
941
3
337
4
175
4
67
4
4
813
1024
3
986
90
1024
265
19
1024
1024
1024
4
370
497
1024
1024
1024
412
53
4
1024
1024
1024
4
830
268
1024
1024
235
4
4
4
1024
490
153
40
773
916
1024
1024
4
3
63
1024
1020
1024
1024
4
4
4
4
99
489
1014
681
242
4
4
1024
1024
4
4
1024
4
4
4
4
4
1024
988
1018
1021
1006
4
1024
1024
294
76
384
902
1024
1024
208
1024
1024
1024
258
1024
421
1024
452
463
3
1024
849
1024
399
1024
4
4
4
759
4
1024
595
1024
4
1024
720
4
4
4
901
54
4
4
708
425
1024
1024
18
4
1024
639
220
1024
19
952
97
324
300
4
1024
152
801
48
37
4
97
4
442
1024
1024
908
1024
68
1015
4
4
590
1024
658
4
4
1024
1024
1024
4
855
1024
33
976
96
494
4
70
4
304
4
662
3
1024
349
841
80
208
1024
905
4
4
4
4
108
1024
1024
709
1024
4
397
1024
4
4
1024
931
1024
1024
250
9
4
4
4
701
1024
177
34
3
4
700
300
300
300
300
300
300
300
410
410
650
650
650
500
550
550
540
4
4
4
4
4
4
4
4
4
4
4
4
4
4
4
4
4
4
4
4
4
4
4
4
4
4
4
4
4
4
4
4
4
4
4
4
4
4
4
4
4
4
4
4
4
4
4
4
4
4
4
4
4
4
4
4
4
4
4
4
4
4
4
4
4
4
4
4
4
4
4
4
4
4
4
4
4
4
4
4
4
4
4
4
4
4
4
4
4
4
4
4
4
4
4
4
4
4
4
4
4
4
4
4
4
4
4
4
4
4
4
4
4
4
4
4
4
4
4
4
4
4
4
4
4
4
4
4
4
4
4
4
4
4
4
4
4
4
4
4
4
4
4
4
4
4
4
4
4
4
4
4
4
4
4
4
4
4
4
4
4
4
4
4
4
4
4
4
4
4
4
4
4
4
4
4
4
4
4
4
4
4
4
4
4
4
4
4
4
4
4
4
4
4
4
4
4
4
4
4
4
4
4
4
4
4
4
4
4
4
4
4
4
4
4
4
4
4
4
4
4
4
4
4
4
4
4
4
4
4
4
4
4
4
4
4
4
4
4
4
4
4
4
4
4
4
4
4
4
4
4
4
4
4
4
4
4
4
4
4
4
4
4
4
4
4
4
4
4
4
4
4
4
4
4
4
4
4
4
4
4
4
4
4
4
4
4
4
4
4
4
4
4
4
4
4
4
4
4
4
4
4
4
4
4
4
4
4
4
4
4
4
4
4
4
4
4
4
4
4
4
4
4
4
4
4
4
4
4
4
4
4
4
4
4
4
4
4
4
4
4
4
4
4
4
4
4
4
4
4
4
4
4
4
4
4
4
4
4
4
4
4
4
4
4
4
4
4
4
4
4
4
4
4
4
4
4
4
4
4
4
4
4
4
4
4
4
4
4
4
4
4
4
4
4
4
4
4
4
4
4
4
4
4
4
4
4
4
4
567
922
762
72
4
16
327
378
477
559
555
556
18
786
4
619
886
63
437
30
308
399
1024
1013
999
1024
372
161
126
29
786
922
233
142
162
406
588
653
648
650
449
465
618
619
1024
628
91
686
423
662
749
127
187
282
721
460
674
308
56
314
757
96
589
649
15
777
444
919
824
291
196
738
569
446
113
468
214
355
150
574
620
115
831
718
784
252
197
842
615
558
188
885
489
324
944
922
948
521
149
193
133
798
1020
712
564
65
129
874
462
915
517
967
858
72
888
792
152
706
421
814
946
745
856
937
545
385
289
781
1017
486
1024
197
569
140
103
462
158
676
401
333
825
312
1017
330
324
255
749
939
952
771
865
987
913
927
940
909
356
1021
1014
1020
1024
756
164
534
245
106
468
1008
824
766
857
775
18
310
630
313
321
1024
495
470
952
96
725
159
386
606
89
955
1024
924
1024
247
405
715
684
498
1011
60
507
122
115
145
1024
978
981
556
1005
462
115
640
254
624
793
836
1024
256
553
447
774
807
558
1017
94
498
126
1024
1024
536
476
284
661
650
317
300
437
990
304
154
174
637
900
918
769
836
493
265
639
270
283
193
170
948
953
198
447
226
770
272
264
369
790
